附和导线近似平差计算结果：

点名      	观测角(d.ms)	角度改正数(")	改正后角值   	坐标方位角   	边长(m)   	X坐标增量(m)	Y坐标增量(m)	X改正数(cm)	Y改正数(cm)	改正后X增量(m)	改正后Y增量(m)	X坐标(m)  	Y坐标(m)  
A       	        	        	        	157.0036	        	        	        	        	        	        	        	2299.824	1303.802
1       	167.4536	6       	167.4542	144.4618	138.902 	-113.4635	80.1237 	-2.62   	1.18    	-113.4373	80.1119 	2299.824	1303.802
2       	123.1124	6       	123.113 	87.5748 	172.569 	6.1329  	172.46  	-3.25   	1.47    	6.1654  	172.4453	2186.3867	1383.9139
3       	189.203 	6       	189.2036	97.1824 	100.094 	-12.73  	99.2812 	-1.89   	0.85    	-12.7111	99.2727 	2192.5522	1556.3593
4       	179.5924	6       	179.593 	97.1754 	102.478 	-13.0184	101.6477	-1.93   	0.87    	-12.9991	101.639 	2179.8411	1655.632
5       	129.2724	6       	129.273 	46.4524 	        	        	        	        	        	        	        	2166.842	1757.271
D       	        	-30     	        	        	        	        	        	-9.68   	4.36    	        	        	2166.842	1757.271
