附和导线近似平差计算结果：

点名      	观测角(d.ms)	角度改正数(")	改正后角值   	坐标方位角   	边长(m)   	X坐标增量(m)	Y坐标增量(m)	X改正数(cm)	Y改正数(cm)	改正后X增量(m)	改正后Y增量(m)	X坐标(m)  	Y坐标(m)  
A       	        	        	        	337.0238	        	        	        	        	        	        	        	441.0086	132.4006
1       	32.5436 	9.7     	32.5446 	124.0752	197.928 	-111.0554	163.8359	1.12    	-2.39   	-111.0666	163.8598	533.089 	93.398  
2       	227.2024	9.7     	227.2034	76.4719 	215.43  	49.2357 	209.7282	1.22    	-2.6    	49.2235 	209.7542	422.0224	257.2578
3       	145.1206	9.7     	145.1216	111.3503	177.42  	-65.267 	164.979 	1.01    	-2.14   	-65.277 	165.0004	471.246 	467.012 
4       	153.4912	9.7     	153.4922	137.4541	167.04  	-123.6685	112.2875	0.95    	-2.01   	-123.6779	112.3076	405.9689	632.0124
5       	287.5948	9.7     	287.5958	29.4543 	        	        	        	        	        	        	        	282.291 	744.32  
D       	        	48.5    	        	        	        	        	        	4.29    	-9.14   	        	        	369.1005	793.96  
